org_id remap_id
925 924
2686 2685
1836 1835
1016 1015
2219 2218
516 515
715 714
517 516
734 733
1877 1876
2309 2308
817 816
2206 2205
1551 1550
2466 2465
2212 2211
999 998
461 460
47 46
865 864
1330 1329
1201 1200
1785 1784
2531 2530
1214 1213
511 510
1446 1445
628 627
1397 1396
804 803
2181 2180
125 124
1 0
1497 1496
1498 1497
2120 2119
223 222
810 809
811 810
938 937
1561 1560
464 463
2475 2474
527 526
975 974
1070 1069
2432 2431
1197 1196
1718 1717
550 549
1763 1762
2736 2735
941 940
2824 2823
2402 2401
2407 2406
1248 1247
1737 1736
2435 2434
322 321
988 987
2502 2501
1200 1199
1022 1021
920 919
2576 2575
99 98
1395 1394
2739 2738
512 511
1481 1480
771 770
1420 1419
2259 2258
956 955
450 449
227 226
415 414
1137 1136
1596 1595
1079 1078
1834 1833
2632 2631
513 512
927 926
599 598
929 928
515 514
2022 2021
1875 1874
1489 1488
1490 1489
1491 1490
881 880
1493 1492
138 137
334 333
1967 1966
303 302
395 394
864 863
716 715
1192 1191
2694 2693
2724 2723
2456 2455
1536 1535
1368 1367
2332 2331
273 272
310 309
976 975
2697 2696
1100 1099
95 94
2158 2157
847 846
1253 1252
1020 1019
553 552
1694 1693
826 825
484 483
995 994
597 596
928 927
1087 1086
1088 1087
2807 2806
1033 1032
1943 1942
2517 2516
2889 2888
1540 1539
2271 2270
1644 1643
1504 1503
891 890
1610 1609
2340 2339
945 944
818 817
2919 2918
1846 1845
1093 1092
932 931
2336 2335
969 968
2367 2366
1816 1815
909 908
1820 1819
1196 1195
1098 1097
676 675
2188 2187
1356 1355
441 440
979 978
444 443
40 39
2377 2376
2126 2125
253 252
595 594
2013 2012
824 823
49 48
924 923
331 330
2446 2445
1906 1905
1781 1780
137 136
2391 2390
2514 2513
1783 1782
1267 1266
2146 2145
1458 1457
2029 2028
692 691
150 149
1327 1326
1278 1277
944 943
2043 2042
2344 2343
704 703
1221 1220
1336 1335
2287 2286
1562 1561
483 482
1184 1183
1804 1803
1187 1186
857 856
2581 2580
709 708
1337 1336
1141 1140
1339 1338
1869 1868
1341 1340
2588 2587
1874 1873
778 777
1430 1429
302 301
1808 1807
29 28
492 491
863 862
1193 1192
2303 2302
32 31
1439 1438
906 905
33 32
586 585
1885 1884
868 867
2934 2933
812 811
1311 1310
318 317
2763 2762
2436 2435
2438 2437
822 821
519 518
337 336
1215 1214
2842 2841
2217 2216
2791 2790
2793 2792
2966 2965
658 657
1483 1482
2349 2348
228 227
17 16
2916 2915
1136 1135
856 855
708 707
171 170
710 709
2858 2857
1089 1088
498 497
1300 1299
2815 2814
672 671
2307 2306
6 5
381 380
1531 1530
1219 1218
410 409
1331 1330
2577 2576
952 951
245 244
1154 1153
1099 1098
1306 1305
552 551
126 125
994 993
55 54
1400 1399
1453 1452
196 195
879 878
1114 1113
459 458
1320 1319
1003 1002
601 600
1323 1322
1268 1267
2787 2786
402 401
1920 1919
68 67
2567 2566
96 95
216 215
2468 2467
1281 1280
100 99
2580 2579
1230 1229
14 13
291 290
16 15
231 230
487 486
2586 2585
1342 1341
2748 2747
2114 2113
24 23
25 24
1813 1812
1299 1298
1303 1302
809 808
2125 2124
35 34
2999 2998
591 590
46 45
1255 1254
1770 1769
191 190
2607 2606
257 256
1364 1363
463 462
604 603
1460 1459
835 834
1071 1070
2964 2963
1791 1790
1176 1175
895 894
1693 1692
2574 2573
1225 1224
954 953
2857 2856
623 622
1036 1035
1809 1808
2059 2058
2648 2647
1354 1353
1654 1653
1585 1584
982 981
2762 2761
986 985
1393 1392
2653 2652
510 509
1313 1312
2606 2605
1962 1961
1963 1962
2 1
1964 1963
7 6
1661 1660
1663 1662
3121 3120
1664 1663
1665 1664
1111 1110
637 636
1112 1111
1052 1051
998 997
2074 2073
514 513
2139 2138
2140 2139
518 517
2720 2719
1668 1667
1601 1600
1000 999
1607 1606
1007 1006
2666 2665
2090 2089
271 270
272 271
211 210
1609 1608
1011 1010
1069 1068
608 607
1616 1615
1015 1014
2094 2093
2734 2733
1789 1788
283 282
2406 2405
2469 2468
1689 1688
2409 2408
1619 1618
2411 2410
698 697
651 650
1622 1621
700 699
1623 1622
1021 1020
1625 1624
1023 1022
618 617
2167 2166
791 790
1484 1483
1799 1798
293 292
1803 1802
1080 1079
1700 1699
1081 1080
1083 1082
1084 1083
711 710
1085 1084
712 711
714 713
2234 2233
798 797
801 800
2753 2752
1495 1494
298 297
1806 1805
236 235
1749 1748
625 624
722 721
805 804
807 806
2121 2120
1503 1502
305 304
243 242
311 310
1884 1883
1886 1885
1819 1818
1717 1716
813 812
870 869
814 813
376 375
249 248
321 320
738 737
2938 2937
821 820
1902 1901
1903 1902
2507 2506
2447 2446
2448 2447
748 747
749 748
3013 3012
2833 2832
2264 2263
2834 2833
882 881
455 454
2886 2885
884 883
886 885
834 833
1910 1909
58 57
1266 1265
1915 1914
2458 2457
3016 3015
1534 1533
758 757
1535 1534
931 930
1537 1536
1539 1538
935 934
2272 2271
2893 2892
694 693
1542 1541
2273 2272
695 694
890 889
2337 2336
472 471
1850 1849
2568 2567
2521 2520
2522 2521
1854 1853
766 765
1544 1543
1545 1544
1548 1547
946 945
843 842
474 473
475 474
476 475
1928 1927
1992 1991
1282 1281
1224 1223
2533 2532
1227 1226
1554 1553
951 950
848 847
2350 2349
2351 2350
852 851
2536 2535
1872 1871
1629 1628
1878 1877
1031 1030
960 959
1634 1633
963 962
1637 1636
964 963
1638 1637
2055 2054
2641 2640
174 173
1301 1300
179 178
1640 1639
1571 1570
3110 3109
1574 1573
972 971
1577 1576
1578 1577
1580 1579
1351 1350
186 185
558 557
2721 2720
1605 1604
209 208
1017 1016
2845 2844
617 616
287 286
2113 2112
299 298
2486 2485
2184 2183
2503 2502
1202 1201
1774 1773
2210 2209
2512 2511
1211 1210
2525 2524
82 81
416 415
1998 1997
973 972
3083 3082
719 718
670 669
2880 2879
1032 1031
782 781
1046 1045
991 990
2746 2745
363 362
1849 1848
992 991
2154 2153
2405 2404
2311 2310
2444 2443
118 117
3003 3002
2130 2129
2131 2130
1956 1955
1447 1446
2018 2017
2382 2381
640 639
2772 2771
136 135
1124 1123
2731 2730
653 652
2474 2473
2122 2121
1434 1433
2761 2760
1102 1101
2245 2244
2246 2245
435 434
1256 1255
1261 1260
1168 1167
1912 1911
2523 2522
1868 1867
485 484
539 538
1378 1377
1379 1378
1873 1872
1237 1236
860 859
1383 1382
1298 1297
2023 2022
2147 2146
2030 2029
2180 2179
1848 1847
2357 2356
913 912
2008 2007
917 916
2765 2764
2383 2382
3072 3071
2662 2661
201 200
139 138
1056 1055
2786 2785
274 273
210 209
1013 1012
2092 2091
2093 2092
2096 2095
1798 1797
1699 1698
170 169
2173 2172
2917 2916
720 719
2918 2917
2920 2919
2296 2295
2921 2920
30 29
370 369
2930 2929
2304 2303
2822 2821
250 249
2434 2433
1252 1251
737 736
385 384
2508 2507
1779 1778
1780 1779
2609 2608
392 391
2960 2959
763 762
937 936
842 841
70 69
1856 1855
1543 1542
3028 3027
529 528
845 844
1990 1989
1930 1929
1235 1234
1030 1029
581 580
2693 2692
2001 2000
1347 1346
3109 3108
1645 1644
1646 1645
2365 2364
2369 2368
2064 2063
1307 1306
2373 2372
509 508
133 132
1667 1666
2024 2023
259 258
198 197
1669 1668
1671 1670
1004 1003
268 267
212 211
1611 1610
1612 1611
1614 1613
1618 1617
2162 2161
2675 2674
2676 2675
2677 2676
2678 2677
10 9
224 223
225 224
1746 1745
354 353
1492 1491
26 25
2865 2864
2867 2866
1496 1495
2870 2869
2183 2182
2756 2755
307 306
815 814
43 42
1893 1892
735 734
1321 1320
764 763
1325 1324
1272 1271
1552 1551
534 533
2573 2572
411 410
1228 1227
1553 1552
2590 2589
862 861
2054 2053
971 970
1041 1040
3059 3058
2371 2370
987 986
2072 2071
1110 1109
990 989
2078 2077
1455 1454
1363 1362
2082 2081
140 139
1006 1005
1063 1062
284 283
2115 2114
630 629
2869 2868
2242 2241
362 361
1518 1517
2445 2444
2261 2260
2836 2835
1528 1527
1968 1967
2959 2958
2338 2337
1274 1273
1855 1854
2965 2964
950 949
1929 1928
2585 2584
2358 2357
2075 2074
1450 1449
65 64
2379 2378
2215 2214
3063 3062
3064 3063
508 507
1593 1592
1666 1665
564 563
647 646
2785 2784
567 566
153 152
1376 1375
706 705
1747 1746
622 621
1429 1428
2421 2420
1715 1714
629 628
371 370
1760 1759
1097 1096
1719 1718
816 815
1830 1829
825 824
2882 2881
2883 2882
936 935
465 464
75 74
953 952
2915 2914
420 419
1870 1869
87 86
3099 3098
1346 1345
978 977
2767 2766
2711 2710
996 995
2136 2135
3125 3124
1676 1675
566 565
2149 2148
2465 2464
2404 2403
1688 1687
168 167
707 706
1494 1493
21 20
1501 1500
38 37
2308 2307
44 43
50 49
2955 2954
949 948
1991 1990
2044 2043
2981 2980
1035 1034
428 427
2992 2991
2700 2699
2651 2650
128 127
1660 1659
260 259
1672 1671
1673 1672
149 148
1790 1789
1025 1024
2103 2102
1743 1742
1744 1743
1086 1085
2177 2176
367 366
2306 2305
2547 2546
1833 1832
832 831
405 404
2903 2902
2575 2574
1290 1289
858 857
2133 2132
1454 1453
571 570
2108 2107
1750 1749
478 477
2000 1999
2764 2763
2768 2767
2650 2649
1394 1393
5 4
639 638
2716 2715
142 141
1674 1673
2462 2461
215 214
2849 2848
2798 2797
1423 1422
1146 1145
668 667
2924 2923
2301 2300
1502 1501
2545 2544
1757 1756
1888 1887
1246 1245
315 314
1890 1889
1823 1822
2827 2826
446 445
2505 2504
332 331
2615 2614
2459 2458
525 524
1269 1268
69 68
2520 2519
1924 1923
2904 2903
407 406
2578 2577
105 104
2582 2581
2584 2583
1942 1941
434 433
178 177
977 976
981 980
914 913
983 982
2654 2653
1595 1594
1005 1004
2737 2736
701 700
718 717
1712 1711
726 725
742 741
746 745
2945 2944
750 749
2901 2900
948 947
967 966
2005 2004
1014 1013
702 701
2803 2802
288 287
663 662
724 723
955 954
1287 1286
2463 2462
1882 1881
2427 2426
2941 2940
2333 2332
3035 3034
853 852
2684 2683
910 909
3118 3117
3122 3121
2809 2808
820 819
947 946
2769 2768
1727 1726
2778 2777
2783 2782
2397 2396
2400 2399
2732 2731
1473 1472
1026 1025
2168 2167
729 728
379 378
2449 2448
752 751
2324 2323
2457 2456
756 755
2907 2906
2636 2635
2811 2810
2443 2442
939 938
2993 2992
2009 2008
506 505
921 920
2652 2651
2068 2067
2016 2015
1726 1725
1048 1047
2080 2079
2081 2080
2083 2082
1053 1052
1599 1598
2394 2393
1600 1599
1057 1056
1001 1000
2084 2083
1687 1686
1372 1371
699 698
2801 2800
2471 2470
1800 1799
1704 1703
1709 1708
2760 2759
2544 2543
727 726
869 868
372 371
443 442
744 743
2255 2254
2950 2949
2559 2558
2330 2329
887 886
836 835
2565 2564
2900 2899
854 853
1940 1939
1029 1028
3042 3041
2635 2634
2051 2050
2592 2591
1647 1646
2363 2362
1304 1303
1954 1953
1396 1395
190 189
2134 2133
2723 2722
11 10
1756 1755
867 866
1892 1891
1895 1894
1162 1161
380 379
2835 2834
2207 2206
2209 2208
2211 2210
1911 1910
1270 1269
2285 2284
482 481
859 858
582 581
432 431
1950 1949
2649 2648
980 979
2132 2131
2655 2654
129 128
3066 3065
635 634
993 992
2026 2025
1121 1120
1012 1011
648 647
1617 1616
2155 2154
2735 2734
1792 1791
1739 1738
1740 1739
2804 2803
1482 1481
1485 1484
1698 1697
795 794
2112 2111
28 27
2816 2815
1500 1499
2425 2424
740 739
2317 2316
2322 2321
2452 2451
760 759
2899 2898
1864 1863
2352 2351
1340 1339
108 107
3049 3048
907 906
2994 2993
549 548
1391 1390
119 118
1589 1588
2766 2765
2128 2127
195 194
1108 1107
1594 1593
923 922
2774 2773
1449 1448
199 198
2145 2144
2784 2783
146 145
1683 1682
219 218
1024 1023
1028 1027
2806 2805
2747 2746
1748 1747
2182 2181
632 631
1499 1498
1242 1241
1817 1816
2430 2429
1764 1763
2929 2928
2192 2191
442 441
2549 2548
2497 2496
1897 1896
1767 1766
1160 1159
2942 2941
387 386
1167 1166
2610 2609
403 402
3022 3021
1546 1545
894 893
846 845
1556 1555
2974 2973
2914 2913
488 487
2045 2044
2537 2536
2355 2354
2356 2355
1999 1998
2991 2990
202 201
2511 2510
915 914
1590 1589
192 191
2109 2108
1257 1256
335 334
1972 1971
1377 1376
2190 2189
80 79
1722 1721
1464 1463
2862 2861
2872 2871
1909 1908
693 692
769 768
2968 2967
2685 2684
1944 1943
2142 2141
1286 1285
1662 1661
2780 2779
1129 1128
1188 1187
1082 1081
2810 2809
2111 2110
333 332
3006 3005
3011 3010
2970 2969
1983 1982
1993 1992
1996 1995
1566 1565
2366 2365
2345 2344
1606 1605
2847 2846
2413 2412
2250 2249
1207 1206
1788 1787
838 837
98 97
2572 2571
965 964
1388 1387
2601 2600
117 116
918 917
705 704
572 571
796 795
1436 1435
246 245
1761 1760
733 732
2195 2194
45 44
325 324
1905 1904
2460 2459
3018 3017
1921 1920
2902 2901
957 956
1941 1940
1946 1945
1043 1042
1060 1059
1505 1504
1821 1820
1506 1505
1507 1506
1508 1507
1509 1508
1510 1509
1511 1510
1512 1511
1513 1512
1514 1513
1515 1514
320 319
1516 1515
1517 1516
1519 1518
1520 1519
1521 1520
1522 1521
689 688
1328 1327
1273 1272
1636 1635
2594 2593
521 520
697 696
2683 2682
197 196
1374 1373
1480 1479
2863 2862
2258 2257
2335 2334
1037 1036
1826 1825
1208 1207
134 133
13 12
1488 1487
830 829
2956 2955
83 82
429 428
3057 3056
1051 1050
2687 2686
2852 2851
2853 2852
2808 2807
2750 2749
1437 1436
1655 1654
2395 2394
2546 2545
687 686
2595 2594
452 451
3098 3097
911 910
500 499
589 588
3112 3111
3113 3112
1040 1039
916 915
593 592
2381 2380
1049 1048
922 921
556 555
997 996
598 597
930 929
2393 2392
1058 1057
1008 1007
1682 1681
1126 1125
1009 1008
650 649
2461 2460
1736 1735
1620 1619
1692 1691
1019 1018
1076 1075
619 618
576 575
2414 2413
1807 1806
1148 1147
2428 2427
2431 2430
1101 1100
634 633
1249 1248
2442 2441
1831 1830
1258 1257
2506 2505
1163 1162
745 744
2614 2613
2453 2452
1843 1842
1174 1173
691 690
1980 1979
91 90
2570 2569
2526 2525
1277 1276
1926 1925
2626 2625
1934 1933
2587 2586
2539 2538
2637 2636
2052 2051
2591 2590
2602 2601
1352 1351
1309 1308
1310 1309
123 122
2771 2770
2073 2072
1315 1314
1360 1359
1451 1450
2141 2140
1403 1402
264 263
1365 1364
2151 2150
147 146
151 150
2840 2839
2843 2842
2733 2732
2672 2671
277 276
2042 2041
280 279
157 156
222 221
161 160
2743 2742
163 162
165 164
18 17
230 229
2855 2854
2805 2804
2171 2170
1486 1485
2812 2811
295 294
22 21
1432 1431
234 233
2925 2924
241 240
242 241
34 33
312 311
2821 2820
2310 2309
436 435
373 372
247 246
2254 2253
2878 2877
448 447
2202 2201
2204 2203
386 385
1525 1524
456 455
2268 2267
457 456
394 393
2962 2961
2894 2893
2274 2273
471 470
942 941
943 942
2341 2340
2343 2342
535 534
2910 2909
417 416
86 85
3100 3099
1635 1634
1034 1033
1570 1569
491 490
427 426
1641 1640
3108 3107
1643 1642
3068 3067
1678 1677
2418 2417
2203 2202
2571 2570
2890 2889
1839 1838
2943 2942
3000 2999
2705 2704
2911 2910
959 958
1565 1564
1653 1652
1588 1587
3079 3078
1027 1026
575 574
1702 1701
1710 1709
1844 1843
1845 1844
2628 2627
1938 1937
1231 1230
1316 1315
2148 2147
2100 2099
2165 2164
296 295
345 344
1558 1557
2288 2287
961 960
696 695
2490 2489
2426 2425
2557 2556
2450 2449
754 753
1471 1470
2800 2799
2102 2101
3012 3011
3015 3014
3019 3018
839 838
533 532
3093 3092
773 772
2032 2031
304 303
56 55
1576 1575
3074 3073
2875 2874
2995 2994
985 984
1658 1657
1598 1597
2387 2386
1730 1729
2390 2389
1117 1116
1608 1607
1010 1009
664 663
1142 1141
725 724
2541 2540
2542 2541
1815 1814
1151 1150
1824 1823
1766 1765
755 754
2620 2619
1334 1333
2630 2629
2538 2537
1945 1944
2643 2642
2770 2769
1452 1451
2152 2151
1467 1466
1470 1469
1474 1473
217 216
158 157
2848 2847
2230 2229
2231 2230
240 239
2923 2922
2866 2865
2944 2943
2198 2197
827 826
2328 2327
2329 2328
934 933
2270 2269
940 939
76 75
850 849
3040 3039
901 900
866 865
3111 3110
974 973
2384 2383
1797 1796
2040 2039
2179 2178
1119 1118
2305 2304
9 8
1900 1899
2509 2508
1210 1209
2218 2217
2227 2226
375 374
2339 2338
2516 2515
767 766
1475 1474
238 237
2320 2319
2473 2472
2433 2432
2118 2117
1917 1916
276 275
39 38
412 411
42 41
2361 2360
1131 1130
861 860
919 918
2482 2481
3060 3059
3078 3077
573 572
1697 1696
101 100
2713 2712
2714 2713
2717 2716
1410 1409
2222 2221
1428 1427
819 818
1838 1837
503 502
504 503
1652 1651
1583 1582
1584 1583
8 7
636 635
565 564
1680 1679
1072 1071
1690 1689
657 656
1149 1148
1158 1157
1206 1205
1835 1834
1908 1907
1170 1169
686 685
1324 1323
1326 1325
1223 1222
1229 1228
2679 2678
1380 1379
1871 1870
1233 1232
2010 2009
2012 2011
1456 1455
1405 1404
205 204
2143 2142
1457 1456
154 153
221 220
19 18
2749 2748
797 796
2236 2235
800 799
803 802
528 527
2342 2341
81 80
489 488
577 576
1568 1567
540 539
583 582
1139 1138
1932 1931
2725 2724
2989 2988
1863 1862
2599 2598
1965 1964
2844 2843
1373 1372
359 358
806 805
255 254
1550 1549
78 77
2354 2353
497 496
1557 1556
912 911
989 988
1061 1060
770 769
2312 2311
2315 2314
2957 2956
2277 2276
2619 2618
2530 2529
1358 1357
2775 2774
2065 2064
2157 2156
2262 2261
2624 2623
3027 3026
3096 3095
611 610
2127 2126
1357 1356
52 51
120 119
2318 2317
3082 3081
631 630
1716 1715
1096 1095
2496 2495
2031 2030
220 219
324 323
327 326
59 58
2278 2277
2279 2278
1602 1601
717 716
449 448
968 967
1613 1612
2412 2411
1090 1089
1150 1149
2046 2045
1487 1486
2370 2369
1949 1948
467 466
1723 1722
3065 3064
1724 1723
703 702
1801 1800
732 731
739 738
741 740
1236 1235
1466 1465
1472 1471
1476 1475
2299 2298
2939 2938
2951 2950
2325 2324
2326 2325
2294 2293
2850 2849
3026 3025
3116 3115
3119 3118
1133 1132
665 664
1092 1091
1881 1880
1883 1882
1891 1890
1987 1986
2589 2588
2715 2714
2076 2075
793 792
314 313
330 329
66 65
607 606
1681 1680
656 655
1254 1253
1232 1231
2004 2003
15 14
466 465
346 345
2422 2421
2553 2552
2401 2400
2664 2663
1728 1727
2659 2658
1462 1461
1478 1477
2782 2781
1627 1626
728 727
1735 1734
1772 1771
1199 1198
1412 1411
413 412
3081 3080
2561 2560
2645 2644
2104 2103
1628 1627
794 793
799 798
393 392
530 529
574 573
1714 1713
1094 1093
132 131
2302 2301
1529 1528
1651 1650
1677 1676
2398 2397
1626 1625
1812 1811
1880 1879
1982 1981
1927 1926
2682 2681
1994 1993
1995 1994
2053 2052
2069 2068
2070 2069
2079 2078
2086 2085
1461 1460
2097 2096
214 213
235 234
2754 2753
2881 2880
3010 3009
1533 1532
851 850
736 735
690 689
1312 1311
2221 2220
355 354
2275 2274
3114 3113
1811 1810
1828 1827
336 335
3101 3100
600 599
1065 1064
2470 2469
2472 2471
2420 2419
730 729
743 742
1899 1898
92 91
1381 1380
1288 1287
779 778
193 192
2788 2787
1367 1366
2163 2162
2166 2165
2116 2115
2759 2758
2319 2318
2267 2266
958 957
3047 3046
2483 2482
1279 1278
425 424
1118 1117
1308 1307
2144 2143
1424 1423
837 836
343 342
587 586
2014 2013
2777 2776
2779 2778
2990 2989
2488 2487
2437 2436
1107 1106
1156 1155
1263 1262
1276 1275
1866 1865
1289 1288
338 337
3117 3116
2656 2655
548 547
502 501
551 550
561 560
1067 1066
1182 1181
1077 1076
2548 2547
1329 1328
2528 2527
104 103
2692 2691
2699 2698
2702 2701
1442 1441
263 262
166 165
2123 2122
2124 2123
3021 3020
468 467
89 88
267 266
64 63
2281 2280
2972 2971
2997 2996
2429 2428
1161 1160
1260 1259
113 112
1296 1295
2002 2001
188 187
2712 2711
1401 1400
2235 2234
2825 2824
3025 3024
2280 2279
426 425
2936 2935
1018 1017
1707 1706
1152 1151
1837 1836
1841 1840
2455 2454
2689 2688
1319 1318
208 207
1468 1467
2795 2794
2740 2739
872 871
326 325
3017 3016
1538 1537
2276 2275
481 480
3092 3091
3055 3054
3 2
2543 2542
1169 1168
1840 1839
183 182
1411 1410
2975 2974
177 176
1408 1407
2796 2795
2897 2896
2977 2976
2792 2791
3005 3004
2491 2490
731 730
1857 1856
2696 2695
2021 2020
2331 2330
3033 3032
849 848
1639 1638
3050 3049
614 613
294 293
643 642
1670 1669
1675 1674
1615 1614
1818 1817
633 632
1889 1888
747 746
1322 1321
1847 1846
1333 1332
1338 1337
2706 2705
2709 2708
1960 1959
194 193
2665 2664
2220 2219
2673 2672
2101 2100
351 350
1427 1426
802 801
365 364
368 367
2828 2827
447 446
2896 2895
480 479
2979 2978
3044 3043
1572 1571
1579 1578
2477 2476
1186 1185
2424 2423
1754 1753
2441 2440
2050 2049
2596 2595
2058 2057
1369 1368
2153 2152
275 274
2039 2038
2744 2743
2859 2858
300 299
2817 2816
2935 2934
317 316
873 872
2260 2259
2948 2947
401 400
3088 3087
2289 2288
3054 3053
613 612
1741 1740
2518 2517
269 268
145 144
256 255
2464 2463
1177 1176
1244 1243
1198 1197
1264 1263
2611 2610
1981 1980
1234 1233
110 109
1952 1951
185 184
1444 1443
2797 2796
63 62
933 932
3030 3029
966 965
659 658
279 278
3090 3089
2691 2690
2738 2737
3069 3068
1066 1065
624 623
2011 2010
2170 2169
2408 2407
1078 1077
1745 1744
1786 1785
2540 2539
180 179
2698 2697
2025 2024
1370 1369
2300 2299
306 305
546 545
1385 1384
2838 2837
2368 2367
3056 3055
1597 1596
1002 1001
563 562
1073 1072
1814 1813
777 776
2647 2646
184 183
265 264
458 457
2961 2960
523 522
3024 3023
77 76
79 78
1555 1554
3107 3106
2524 2523
2376 2375
984 983
1068 1067
2089 2088
2098 2097
1567 1566
3103 3102
3104 3103
3106 3105
1251 1250
772 771
2583 2582
2745 2744
2922 2921
2891 2890
1547 1546
1106 1105
680 679
1851 1850
2627 2626
1947 1946
2773 2772
218 217
1479 1478
2742 2741
555 554
2380 2379
3067 3066
926 925
562 561
3124 3123
568 567
2410 2409
1706 1705
669 668
2439 2438
1832 1831
1777 1776
2451 2450
1976 1975
1218 1217
765 764
2629 2628
2532 2531
2535 2534
1955 1954
2663 2662
1459 1458
2728 2727
2091 2090
1469 1468
156 155
2802 2801
2233 2232
2813 2812
2238 2237
2937 2936
2879 2878
888 887
889 888
2898 2897
90 89
2353 2352
962 961
2484 2483
667 666
2500 2499
1765 1764
1970 1969
2701 2700
2598 2597
2037 2036
353 352
41 40
823 822
1887 1886
2668 2667
2670 2669
2932 2931
2499 2498
2440 2439
1463 1462
792 791
2560 2559
144 143
31 30
414 413
905 904
2454 2453
1948 1947
2876 2875
1898 1897
2375 2374
1907 1906
1631 1630
501 500
2374 2373
4 3
2385 2384
638 637
610 609
570 569
1695 1694
2476 2475
2478 2477
2485 2484
626 625
1153 1152
1103 1102
1105 1104
1203 1202
1164 1163
1913 1912
1916 1915
2563 2562
2623 2622
1332 1331
1335 1334
774 773
2049 2048
1384 1383
1387 1386
176 175
1959 1958
2135 2134
258 257
2216 2215
155 154
160 159
2110 2109
2117 2116
233 232
1438 1437
2928 2927
319 318
323 322
878 877
54 53
341 340
398 397
67 66
532 531
2346 2345
537 536
418 417
352 351
1130 1129
1805 1804
2729 2728
1416 1415
1769 1768
2504 2503
2062 2061
1422 1421
3070 3069
203 202
2726 2725
2727 2726
2958 2957
3062 3061
3002 3001
3123 3122
1055 1054
3077 3076
1794 1793
620 619
2423 2422
1245 1244
1758 1757
1759 1758
2501 2500
1904 1903
2510 2509
1776 1775
683 682
1971 1970
1977 1976
2566 2565
2527 2526
2047 2046
2048 2047
2060 2059
2061 2060
1953 1952
2066 2065
1402 1401
2028 2027
2088 2087
2033 2032
207 206
2035 2034
2790 2789
282 281
229 228
20 19
2186 2185
2187 2186
2249 2248
316 315
451 450
453 452
2327 2326
460 459
396 395
3023 3022
74 73
3087 3086
538 537
84 83
85 84
423 422
3097 3096
1632 1631
541 540
543 542
495 494
430 429
270 269
789 788
1155 1154
1104 1103
1205 1204
1344 1343
2041 2040
2232 2231
237 236
27 26
252 251
388 387
409 408
1292 1291
1421 1420
2237 2236
3086 3085
590 589
682 681
2138 2137
1406 1405
159 158
885 884
2286 2285
1559 1558
1796 1795
356 355
1657 1656
3120 3119
124 123
1293 1292
135 134
437 436
206 205
2861 2860
1127 1126
1185 1184
713 712
1189 1188
1591 1590
2415 2414
1039 1038
1679 1678
1742 1741
2479 2478
1751 1750
1191 1190
1827 1826
2513 2512
1212 1211
1853 1852
2667 2666
2856 2855
2758 2757
470 469
2905 2904
1573 1572
1166 1165
389 388
844 843
2493 2492
1859 1858
1291 1290
115 114
499 498
557 556
1195 1194
1165 1164
1226 1225
781 780
2593 2592
1448 1447
226 225
828 827
896 895
2646 2645
655 654
2419 2418
2244 2243
2189 2188
3048 3047
3053 3052
1181 1180
615 614
2416 2415
723 722
2551 2550
2554 2553
775 774
112 111
2963 2962
71 70
2292 2291
3051 3050
908 907
1125 1124
2555 2554
2519 2518
103 102
2660 2659
1477 1476
2829 2828
1914 1913
1425 1424
2752 2751
2839 2838
404 403
2257 2256
1059 1058
1931 1930
348 347
378 377
1829 1828
1810 1809
1419 1418
2172 2171
883 882
2564 2563
469 468
1075 1074
2569 2568
167 166
391 390
421 420
1852 1851
1933 1932
1389 1388
2295 2294
2973 2972
1275 1274
111 110
1649 1648
1650 1649
2372 2371
1044 1043
2388 2387
2392 2391
602 601
2396 2395
1691 1690
661 660
662 661
1283 1282
1937 1936
2644 2643
2085 2084
1413 1412
2196 2195
2197 2196
2199 2198
2947 2946
3036 3035
2913 2912
3039 3038
3105 3104
970 969
1648 1647
2634 2633
1867 1866
2819 2818
612 611
2799 2798
2741 2740
292 291
369 368
1172 1171
2612 2611
1343 1342
1317 1316
2776 2775
2159 2158
2895 2894
1144 1143
2480 2479
2603 2602
2208 2207
784 783
2661 2660
1624 1623
2953 2952
833 832
2892 2891
1175 1174
1353 1352
213 212
3061 3060
107 106
2719 2718
880 879
569 568
1047 1046
3037 3036
3038 3037
3084 3083
2225 2224
290 289
479 478
2489 2488
2617 2616
1433 1432
1265 1264
1771 1770
2558 2557
2608 2607
309 308
2360 2359
2316 2315
1732 1731
1708 1707
2229 2228
2605 2604
902 901
526 525
592 591
3080 3079
1128 1127
2633 2632
2105 2104
2248 2247
329 328
2323 2322
3052 3051
278 277
1064 1063
1183 1182
1701 1700
1240 1239
1241 1240
1762 1761
2621 2620
1280 1279
2529 2528
780 779
2057 2056
364 363
366 365
829 828
400 399
2283 2282
840 839
2690 2689
2980 2979
2884 2883
266 265
2224 2223
248 247
48 47
2940 2939
439 438
1074 1073
281 280
505 504
1802 1801
2579 2578
1348 1347
1349 1348
1407 1406
286 285
361 360
109 108
1113 1112
1822 1821
1787 1786
787 786
1549 1548
544 543
790 789
507 506
641 640
1116 1115
1784 1783
1302 1301
2006 2005
164 163
308 307
594 593
1696 1695
2597 2596
2851 2850
2348 2347
1979 1978
1362 1361
2926 2925
524 523
2313 2312
172 171
122 121
251 250
397 396
684 683
2003 2002
2137 2136
2983 2982
642 641
175 174
2877 2876
131 130
88 87
1375 1374
3115 3114
1054 1053
1935 1934
2868 2867
2909 2908
3041 3040
768 767
2871 2870
841 840
898 897
2056 2055
97 96
1382 1381
580 579
1355 1354
1973 1972
1414 1413
1560 1559
1415 1414
2954 2953
785 784
1685 1684
2253 2252
2266 2265
904 903
2823 2822
1603 1602
2982 2981
1541 1540
2019 2018
2996 2995
2095 2094
350 349
2251 2250
2252 2251
875 874
3031 3030
2293 2292
1656 1655
114 113
127 126
2200 2199
646 645
1958 1957
1157 1156
603 602
1768 1767
200 199
536 535
1222 1221
148 147
61 60
606 605
2417 2416
2282 2281
3094 3093
585 584
454 453
2688 2687
1961 1960
2321 2320
2498 2497
2658 2657
1951 1950
1721 1720
349 348
1284 1283
2550 2549
1123 1122
1409 1408
1038 1037
783 782
285 284
1925 1924
1858 1857
2389 2388
1778 1777
2099 2098
644 643
1795 1794
2640 2639
2927 2926
340 339
1091 1090
2730 2729
2386 2385
1115 1114
399 398
106 105
1581 1580
1582 1581
1398 1397
1563 1562
3001 3000
1443 1442
1435 1434
3102 3101
1159 1158
1923 1922
377 376
383 382
262 261
2034 2033
36 35
559 558
2704 2703
2161 2160
3085 3084
1587 1586
1592 1591
1120 1119
1659 1658
2718 2717
2291 2290
1140 1139
2860 2859
374 373
1975 1974
72 71
2976 2975
1957 1956
445 444
2604 2603
1860 1859
1861 1860
2671 2670
440 439
187 186
1441 1440
2290 2289
1686 1685
2952 2951
596 595
181 180
2228 2227
358 357
2906 2905
2908 2907
422 421
1350 1349
786 785
12 11
1530 1529
62 61
494 493
1729 1728
1734 1733
1752 1751
2077 2076
2263 2262
1045 1044
1703 1702
1705 1704
679 678
1986 1985
2674 2673
2174 2173
2949 2948
2205 2204
1575 1574
616 615
2864 2863
408 407
1247 1246
2680 2679
1050 1049
130 129
2169 2168
1250 1249
2243 2242
751 750
1417 1416
2494 2493
2710 2709
1138 1137
2214 2213
1426 1425
3046 3045
545 544
1190 1189
1604 1603
2492 2491
2971 2970
1109 1108
406 405
1371 1370
1204 1203
1217 1216
2063 2062
1936 1935
2946 2945
2830 2829
3058 3057
2495 2494
419 418
297 296
808 807
328 327
2967 2966
301 300
1095 1094
2467 2466
1586 1585
2399 2398
759 758
776 775
2781 2780
1569 1568
560 559
261 260
477 476
2669 2668
2832 2831
2106 2105
116 115
2129 2128
2722 2721
2931 2930
2625 2624
1285 1284
1259 1258
2297 2296
23 22
173 172
182 181
877 876
2027 2026
2789 2788
2191 2190
3007 3006
2038 2037
1894 1893
1318 1317
2265 2264
3029 3028
652 651
1876 1875
152 151
2156 2155
2176 2175
2933 2932
2985 2984
3004 3003
688 687
94 93
2888 2887
1782 1781
1135 1134
357 356
2150 2149
1901 1900
2036 2035
1366 1365
1711 1710
1713 1712
1238 1237
1262 1261
3034 3033
547 546
57 56
1725 1724
1731 1730
1896 1895
753 752
1171 1170
2107 2106
897 896
431 430
2613 2612
2185 2184
2820 2819
2707 2706
2616 2615
2912 2911
2831 2830
1294 1293
2757 2756
3073 3072
681 680
1966 1965
313 312
1621 1620
2213 2212
1922 1921
874 873
2515 2514
1305 1304
2562 2561
232 231
3009 3008
2814 2813
1633 1632
53 52
1145 1144
3095 3094
2119 2118
2226 2225
2247 2246
2622 2621
2794 2793
2818 2817
2703 2702
382 381
1271 1270
2071 2070
2987 2986
2552 2551
2556 2555
2681 2680
666 665
1842 1841
1984 1983
2631 2630
1997 1996
141 140
438 437
3091 3090
2362 2361
239 238
674 673
831 830
1523 1522
1642 1641
289 288
1526 1525
2846 2845
2887 2886
660 659
1862 1861
2007 2006
2984 2983
2998 2997
390 389
360 359
347 346
605 604
899 898
900 899
578 577
2841 2840
1985 1984
73 72
1755 1754
433 432
3071 3070
2986 2985
1738 1737
1440 1439
531 530
1359 1358
2837 2836
1295 1294
2087 2086
3032 3031
162 161
903 902
855 854
2755 2754
3014 3013
1143 1142
93 92
520 519
493 492
244 243
876 875
1179 1178
1969 1968
1216 1215
51 50
721 720
2481 2480
2378 2377
673 672
1445 1444
757 756
2826 2825
522 521
473 472
121 120
649 648
1392 1391
2403 2402
2017 2016
2854 2853
3045 3044
654 653
762 761
2751 2750
788 787
609 608
892 891
1825 1824
2314 2313
1243 1242
1147 1146
1404 1403
1180 1179
60 59
1314 1313
1879 1878
2015 2014
384 383
1775 1774
1431 1430
678 677
1178 1177
37 36
1733 1732
342 341
3075 3074
893 892
3043 3042
542 541
675 674
1220 1219
2642 2641
2178 2177
2969 2968
1213 1212
3076 3075
189 188
204 203
1386 1385
645 644
671 670
1918 1917
2695 2694
2067 2066
2874 2873
1919 1918
1297 1296
2618 2617
588 587
677 676
1974 1973
2359 2358
1988 1987
462 461
1630 1629
2988 2987
344 343
1989 1988
3020 3019
1209 1208
2487 2486
1062 1061
2241 2240
1345 1344
2364 2363
3089 3088
2193 2192
1978 1977
1527 1526
1753 1752
627 626
254 253
424 423
1194 1193
102 101
685 684
2334 2333
169 168
2873 2872
1465 1464
579 578
1532 1531
1720 1719
2256 2255
1399 1398
584 583
554 553
2201 2200
2284 2283
1524 1523
2269 2268
3008 3007
1042 1041
1793 1792
2638 2637
2175 2174
496 495
1132 1131
1564 1563
2160 2159
1390 1389
2347 2346
1418 1417
1122 1121
1173 1172
490 489
2534 2533
143 142
1939 1938
1773 1772
339 338
2240 2239
1361 1360
2164 2163
621 620
2223 2222
2657 2656
1134 1133
1239 1238
761 760
2600 2599
871 870
2885 2884
2298 2297
1684 1683
2239 2238
2020 2019
2708 2707
2978 2977
486 485
1865 1864
2639 2638
2194 2193
